   6
1b8pA @1.9   0  39  55  54  53  84
1bdmA @1.8  39   0  52  47  51  82
1civA @2.8  55  52   0  58  13  83
5mdhA @2.4  54  47  58   0  58  82
7mdhA @2.4  53  51  13  58   0  85
1smkA @2.5  84  82  83  82  85   0
